# Issue 10795: Fix and upgrade double dense matrix QR decomposition

archive/issues_010730.json:
```json
{
    "body": "The Q matrix of a QR decomposition should be unitary, hence invertible.  For zero-column trivial cases, this is broken.\n\n```\nsage: A = zero_matrix(CDF, 5, 0)\nsage: Q, R = A.QR()\nsage: Q\n[0 0 0 0 0]\n[0 0 0 0 0]\n[0 0 0 0 0]\n[0 0 0 0 0]\n[0 0 0 0 0]\n```\n\nBesides a bugfix this patch will upgrade the documentation to make it clear how this routine works over the complex numbers.  In particular, `SciPy` routines are using a Hermitian inner product - documentation upgrade will reflect that.\n\n**Apply**:\n1.  [attachment:trac_10795-QR-decomposition-double-dense-v2.patch](https://github.com/sagemath/sage/files/ticket10795/trac_10795-QR-decomposition-double-dense-v2.patch)\n2.  [attachment:trac_10795-QR-decomposition-formatting.patch](https://github.com/sagemath/sage/files/ticket10795/trac_10795-QR-decomposition-formatting.patch)\n\n**Assignee:** @jasongrout, @williamstein\n\n**CC:**  @jasongrout @dandrake\n\n**Keywords:** sd40.5\n\n**Reviewer:** Martin Raum, Dan Drake\n\n**Author:** Rob Beezer\n\n**Merged:** sage-5.2.beta1\n\nIssue created by migration from https://trac.sagemath.org/ticket/10795\n\n",
    "closed_at": "2012-07-13T11:43:27Z",
    "created_at": "2011-02-17T22:24:40Z",
    "labels": [
        "component: linear algebra",
        "minor",
        "bug"
    ],
    "milestone": "https://github.com/sagemath/sage/milestones/sage-5.2",
    "title": "Fix and upgrade double dense matrix QR decomposition",
    "type": "issue",
    "url": "https://github.com/sagemath/sage/issues/10795",
    "user": "https://github.com/rbeezer"
}
```
The Q matrix of a QR decomposition should be unitary, hence invertible.  For zero-column trivial cases, this is broken.

```
sage: A = zero_matrix(CDF, 5, 0)
sage: Q, R = A.QR()
sage: Q
[0 0 0 0 0]
[0 0 0 0 0]
[0 0 0 0 0]
[0 0 0 0 0]
[0 0 0 0 0]
```

Besides a bugfix this patch will upgrade the documentation to make it clear how this routine works over the complex numbers.  In particular, `SciPy` routines are using a Hermitian inner product - documentation upgrade will reflect that.

**Apply**:
1.  [attachment:trac_10795-QR-decomposition-double-dense-v2.patch](https://github.com/sagemath/sage/files/ticket10795/trac_10795-QR-decomposition-double-dense-v2.patch)
2.  [attachment:trac_10795-QR-decomposition-formatting.patch](https://github.com/sagemath/sage/files/ticket10795/trac_10795-QR-decomposition-formatting.patch)

**Assignee:** @jasongrout, @williamstein

**CC:**  @jasongrout @dandrake

**Keywords:** sd40.5

**Reviewer:** Martin Raum, Dan Drake

**Author:** Rob Beezer

**Merged:** sage-5.2.beta1

Issue created by migration from https://trac.sagemath.org/ticket/10795





---

archive/issue_events_083597.json:
```json
{
    "actor": "https://github.com/rbeezer",
    "created_at": "2011-02-17T23:03:42Z",
    "event": "labeled",
    "issue": "https://github.com/sagemath/sage/issues/10795",
    "label": "needs review",
    "type": "issue_event",
    "url": "https://github.com/sagemath/sage/issues/10795#event-83597"
}
```



---

archive/issue_comments_106098.json:
```json
{
    "body": "**Author:** Rob Beezer",
    "created_at": "2011-02-17T23:03:42Z",
    "issue": "https://github.com/sagemath/sage/issues/10795",
    "type": "issue_comment",
    "url": "https://github.com/sagemath/sage/issues/10795#issuecomment-106098",
    "user": "https://github.com/rbeezer"
}
```

**Author:** Rob Beezer



---

archive/issue_comments_106099.json:
```json
{
    "body": "<a id='comment:1'></a>\nJust one change to the code, to return an identity matrix in a trivial case.  Everything else is documentation.  Unfortunately, this file is not included in the documentation (yet).  You can check that it builds without warnings, then look at it in the notebook to verify the contents and appearance.",
    "created_at": "2011-02-17T23:03:42Z",
    "issue": "https://github.com/sagemath/sage/issues/10795",
    "type": "issue_comment",
    "url": "https://github.com/sagemath/sage/issues/10795#issuecomment-106099",
    "user": "https://github.com/rbeezer"
}
```

<a id='comment:1'></a>
Just one change to the code, to return an identity matrix in a trivial case.  Everything else is documentation.  Unfortunately, this file is not included in the documentation (yet).  You can check that it builds without warnings, then look at it in the notebook to verify the contents and appearance.



---

archive/issue_comments_106100.json:
```json
{
    "body": "**Reviewer:** Martin Raum",
    "created_at": "2011-08-06T16:36:30Z",
    "issue": "https://github.com/sagemath/sage/issues/10795",
    "type": "issue_comment",
    "url": "https://github.com/sagemath/sage/issues/10795#issuecomment-106100",
    "user": "https://trac.sagemath.org/admin/accounts/users/mraum"
}
```

**Reviewer:** Martin Raum



---

archive/issue_comments_106101.json:
```json
{
    "body": "<a id='comment:2'></a>\nEverything is OK with this patch.",
    "created_at": "2011-08-06T16:36:30Z",
    "issue": "https://github.com/sagemath/sage/issues/10795",
    "type": "issue_comment",
    "url": "https://github.com/sagemath/sage/issues/10795#issuecomment-106101",
    "user": "https://trac.sagemath.org/admin/accounts/users/mraum"
}
```

<a id='comment:2'></a>
Everything is OK with this patch.



---

archive/issue_events_083598.json:
```json
{
    "actor": "https://trac.sagemath.org/admin/accounts/users/mraum",
    "created_at": "2011-08-06T16:36:30Z",
    "event": "unlabeled",
    "issue": "https://github.com/sagemath/sage/issues/10795",
    "label": "needs review",
    "type": "issue_event",
    "url": "https://github.com/sagemath/sage/issues/10795#event-83598"
}
```



---

archive/issue_events_083599.json:
```json
{
    "actor": "https://trac.sagemath.org/admin/accounts/users/mraum",
    "created_at": "2011-08-06T16:36:30Z",
    "event": "labeled",
    "issue": "https://github.com/sagemath/sage/issues/10795",
    "label": "positive review",
    "type": "issue_event",
    "url": "https://github.com/sagemath/sage/issues/10795#event-83599"
}
```



---

archive/issue_events_083600.json:
```json
{
    "actor": "https://github.com/jdemeyer",
    "created_at": "2011-08-11T13:10:01Z",
    "event": "demilestoned",
    "issue": "https://github.com/sagemath/sage/issues/10795",
    "milestone": "sage-4.7.1",
    "type": "issue_event",
    "url": "https://github.com/sagemath/sage/issues/10795#event-83600"
}
```



---

archive/issue_events_083601.json:
```json
{
    "actor": "https://github.com/jdemeyer",
    "created_at": "2011-08-11T13:10:01Z",
    "event": "milestoned",
    "issue": "https://github.com/sagemath/sage/issues/10795",
    "milestone": "sage-4.7.2",
    "type": "issue_event",
    "url": "https://github.com/sagemath/sage/issues/10795#event-83601"
}
```



---

archive/issue_comments_106102.json:
```json
{
    "body": "**Merged:** sage-4.7.2.alpha2",
    "created_at": "2011-08-18T22:02:50Z",
    "issue": "https://github.com/sagemath/sage/issues/10795",
    "type": "issue_comment",
    "url": "https://github.com/sagemath/sage/issues/10795#issuecomment-106102",
    "user": "https://github.com/jdemeyer"
}
```

**Merged:** sage-4.7.2.alpha2



---

archive/issue_events_083602.json:
```json
{
    "actor": "https://github.com/jdemeyer",
    "created_at": "2011-08-18T22:02:50Z",
    "event": "unlabeled",
    "issue": "https://github.com/sagemath/sage/issues/10795",
    "label": "positive review",
    "type": "issue_event",
    "url": "https://github.com/sagemath/sage/issues/10795#event-83602"
}
```



---

archive/issue_events_083603.json:
```json
{
    "actor": "https://github.com/jdemeyer",
    "created_at": "2011-08-18T22:02:50Z",
    "event": "closed",
    "issue": "https://github.com/sagemath/sage/issues/10795",
    "type": "issue_event",
    "url": "https://github.com/sagemath/sage/issues/10795#event-83603"
}
```



---

archive/issue_comments_106103.json:
```json
{
    "body": "**Changing merged** from \"sage-4.7.2.alpha2\" to \"\".",
    "created_at": "2011-08-24T08:22:17Z",
    "issue": "https://github.com/sagemath/sage/issues/10795",
    "type": "issue_comment",
    "url": "https://github.com/sagemath/sage/issues/10795#issuecomment-106103",
    "user": "https://github.com/jdemeyer"
}
```

**Changing merged** from "sage-4.7.2.alpha2" to "".



---

archive/issue_comments_106104.json:
```json
{
    "body": "<a id='comment:5'></a>\nOn various systems, there are doctest failures:\n\nhawk (OpenSolaris 06/2009 i86pc Xeon W3580):\n\n```\n**********************************************************************\nFile \"/export/home/buildbot/build/sage/hawk-1/hawk_full/build/sage-4.7.2.alpha2/devel/sage-main/sage/matrix/matrix_double_dense.pyx\", line 1766:\n    sage: Q\nExpected:\n    [ -0.359210604054   0.569326179705   0.368048420509   0.641385845805]\n    [  0.179605302027  -0.144590775798   0.925041158846  -0.301884576418]\n    [  0.179605302027  -0.704880032016  0.0774617736597   0.681825307224]\n    [  0.898026510134   0.397624633445 -0.0532812182975   0.180566192161]\nGot:\n    [-0.359210604054  0.569326179705  0.409076682956  0.616028985113]\n    [ 0.179605302027 -0.144590775798 -0.683704756325   0.69237507842]\n    [ 0.179605302027 -0.704880032016  0.575201135981  0.374205463771]\n    [ 0.898026510134  0.397624633445  0.185331397251 0.0330954856071]\n**********************************************************************\nFile \"/export/home/buildbot/build/sage/hawk-1/hawk_full/build/sage-4.7.2.alpha2/devel/sage-main/sage/matrix/matrix_double_dense.pyx\", line 1771:\n    sage: R\nExpected:\n    [    -5.56776436283       2.6940795304      -2.6940795304]\n    [                 0     -3.56958477752      3.56958477752]\n    [                 0                  0 -9.93013661299e-16]\n    [                 0                  0                  0]\nGot:\n    [   -5.56776436283      2.6940795304     -2.6940795304]\n    [                0    -3.56958477752     3.56958477752]\n    [                0                 0 -4.4408920985e-16]\n    [                0                 0                 0]\n**********************************************************************\n```\n\nbsd (OS X 10.8.0 x86_64) 64-bit:\n\n```\n**********************************************************************\nFile \"/Users/buildbot/build/sage/bsd-1/bsd_64_full/build/sage-4.7.2.alpha2/devel/sage-main/sage/matrix/matrix_double_dense.pyx\", line 1766:\n    sage: Q\nExpected:\n    [ -0.359210604054   0.569326179705   0.368048420509   0.641385845805]\n    [  0.179605302027  -0.144590775798   0.925041158846  -0.301884576418]\n    [  0.179605302027  -0.704880032016  0.0774617736597   0.681825307224]\n    [  0.898026510134   0.397624633445 -0.0532812182975   0.180566192161]\nGot:\n    [ -0.359210604054   0.569326179705   0.146337376237   0.724859169325]\n    [  0.179605302027  -0.144590775798   0.973035382602 0.00613084354877]\n    [  0.179605302027  -0.704880032016  -0.142125402809   0.671331844787]\n    [  0.898026510134   0.397624633445  -0.107647045464   0.154451130063]\n**********************************************************************\nFile \"/Users/buildbot/build/sage/bsd-1/bsd_64_full/build/sage-4.7.2.alpha2/devel/sage-main/sage/matrix/matrix_double_dense.pyx\", line 1771:\n    sage: R\nExpected:\n    [    -5.56776436283       2.6940795304      -2.6940795304]\n    [                 0     -3.56958477752      3.56958477752]\n    [                 0                  0 -9.93013661299e-16]\n    [                 0                  0                  0]\nGot:\n    [   -5.56776436283      2.6940795304     -2.6940795304]\n    [                0    -3.56958477752     3.56958477752]\n    [                0                 0 6.28036983474e-16]\n    [                0                 0                 0]\n**********************************************************************\n```\n\ncleo (RHEL 5.3 ia64 Itanium 2):\n\n```\n**********************************************************************\nFile \"/home/buildbot/build/sage/cleo-1/cleo_full/build/sage-4.7.2.alpha2/devel/sage-main/sage/matrix/matrix_double_dense.pyx\", line 1766:\n    sage: Q\nExpected:\n    [ -0.359210604054   0.569326179705   0.368048420509   0.641385845805]\n    [  0.179605302027  -0.144590775798   0.925041158846  -0.301884576418]\n    [  0.179605302027  -0.704880032016  0.0774617736597   0.681825307224]\n    [  0.898026510134   0.397624633445 -0.0532812182975   0.180566192161]\nGot:\n    [ -0.359210604054   0.569326179705   0.146859067236   0.724753652911]\n    [  0.179605302027  -0.144590775798   0.973039543327 0.00543048428303]\n    [  0.179605302027  -0.704880032016  -0.141642164231   0.671433967908]\n    [  0.898026510134   0.397624633445  -0.107535848925   0.154528570726]\n**********************************************************************\nFile \"/home/buildbot/build/sage/cleo-1/cleo_full/build/sage-4.7.2.alpha2/devel/sage-main/sage/matrix/matrix_double_dense.pyx\", line 1771:\n    sage: R\nExpected:\n    [    -5.56776436283       2.6940795304      -2.6940795304]\n    [                 0     -3.56958477752      3.56958477752]\n    [                 0                  0 -9.93013661299e-16]\n    [                 0                  0                  0]\nGot:\n    [   -5.56776436283      2.6940795304     -2.6940795304]\n    [                0    -3.56958477752     3.56958477752]\n    [                0                 0 9.81879219451e-16]\n    [                0                 0                 0]\n**********************************************************************\n```",
    "created_at": "2011-08-24T08:22:17Z",
    "issue": "https://github.com/sagemath/sage/issues/10795",
    "type": "issue_comment",
    "url": "https://github.com/sagemath/sage/issues/10795#issuecomment-106104",
    "user": "https://github.com/jdemeyer"
}
```

<a id='comment:5'></a>
On various systems, there are doctest failures:

hawk (OpenSolaris 06/2009 i86pc Xeon W3580):

```
**********************************************************************
File "/export/home/buildbot/build/sage/hawk-1/hawk_full/build/sage-4.7.2.alpha2/devel/sage-main/sage/matrix/matrix_double_dense.pyx", line 1766:
    sage: Q
Expected:
    [ -0.359210604054   0.569326179705   0.368048420509   0.641385845805]
    [  0.179605302027  -0.144590775798   0.925041158846  -0.301884576418]
    [  0.179605302027  -0.704880032016  0.0774617736597   0.681825307224]
    [  0.898026510134   0.397624633445 -0.0532812182975   0.180566192161]
Got:
    [-0.359210604054  0.569326179705  0.409076682956  0.616028985113]
    [ 0.179605302027 -0.144590775798 -0.683704756325   0.69237507842]
    [ 0.179605302027 -0.704880032016  0.575201135981  0.374205463771]
    [ 0.898026510134  0.397624633445  0.185331397251 0.0330954856071]
**********************************************************************
File "/export/home/buildbot/build/sage/hawk-1/hawk_full/build/sage-4.7.2.alpha2/devel/sage-main/sage/matrix/matrix_double_dense.pyx", line 1771:
    sage: R
Expected:
    [    -5.56776436283       2.6940795304      -2.6940795304]
    [                 0     -3.56958477752      3.56958477752]
    [                 0                  0 -9.93013661299e-16]
    [                 0                  0                  0]
Got:
    [   -5.56776436283      2.6940795304     -2.6940795304]
    [                0    -3.56958477752     3.56958477752]
    [                0                 0 -4.4408920985e-16]
    [                0                 0                 0]
**********************************************************************
```

bsd (OS X 10.8.0 x86_64) 64-bit:

```
**********************************************************************
File "/Users/buildbot/build/sage/bsd-1/bsd_64_full/build/sage-4.7.2.alpha2/devel/sage-main/sage/matrix/matrix_double_dense.pyx", line 1766:
    sage: Q
Expected:
    [ -0.359210604054   0.569326179705   0.368048420509   0.641385845805]
    [  0.179605302027  -0.144590775798   0.925041158846  -0.301884576418]
    [  0.179605302027  -0.704880032016  0.0774617736597   0.681825307224]
    [  0.898026510134   0.397624633445 -0.0532812182975   0.180566192161]
Got:
    [ -0.359210604054   0.569326179705   0.146337376237   0.724859169325]
    [  0.179605302027  -0.144590775798   0.973035382602 0.00613084354877]
    [  0.179605302027  -0.704880032016  -0.142125402809   0.671331844787]
    [  0.898026510134   0.397624633445  -0.107647045464   0.154451130063]
**********************************************************************
File "/Users/buildbot/build/sage/bsd-1/bsd_64_full/build/sage-4.7.2.alpha2/devel/sage-main/sage/matrix/matrix_double_dense.pyx", line 1771:
    sage: R
Expected:
    [    -5.56776436283       2.6940795304      -2.6940795304]
    [                 0     -3.56958477752      3.56958477752]
    [                 0                  0 -9.93013661299e-16]
    [                 0                  0                  0]
Got:
    [   -5.56776436283      2.6940795304     -2.6940795304]
    [                0    -3.56958477752     3.56958477752]
    [                0                 0 6.28036983474e-16]
    [                0                 0                 0]
**********************************************************************
```

cleo (RHEL 5.3 ia64 Itanium 2):

```
**********************************************************************
File "/home/buildbot/build/sage/cleo-1/cleo_full/build/sage-4.7.2.alpha2/devel/sage-main/sage/matrix/matrix_double_dense.pyx", line 1766:
    sage: Q
Expected:
    [ -0.359210604054   0.569326179705   0.368048420509   0.641385845805]
    [  0.179605302027  -0.144590775798   0.925041158846  -0.301884576418]
    [  0.179605302027  -0.704880032016  0.0774617736597   0.681825307224]
    [  0.898026510134   0.397624633445 -0.0532812182975   0.180566192161]
Got:
    [ -0.359210604054   0.569326179705   0.146859067236   0.724753652911]
    [  0.179605302027  -0.144590775798   0.973039543327 0.00543048428303]
    [  0.179605302027  -0.704880032016  -0.141642164231   0.671433967908]
    [  0.898026510134   0.397624633445  -0.107535848925   0.154528570726]
**********************************************************************
File "/home/buildbot/build/sage/cleo-1/cleo_full/build/sage-4.7.2.alpha2/devel/sage-main/sage/matrix/matrix_double_dense.pyx", line 1771:
    sage: R
Expected:
    [    -5.56776436283       2.6940795304      -2.6940795304]
    [                 0     -3.56958477752      3.56958477752]
    [                 0                  0 -9.93013661299e-16]
    [                 0                  0                  0]
Got:
    [   -5.56776436283      2.6940795304     -2.6940795304]
    [                0    -3.56958477752     3.56958477752]
    [                0                 0 9.81879219451e-16]
    [                0                 0                 0]
**********************************************************************
```



---

archive/issue_events_083604.json:
```json
{
    "actor": "https://github.com/jdemeyer",
    "created_at": "2011-08-24T21:55:45Z",
    "event": "labeled",
    "issue": "https://github.com/sagemath/sage/issues/10795",
    "label": "needs review",
    "type": "issue_event",
    "url": "https://github.com/sagemath/sage/issues/10795#event-83604"
}
```



---

archive/issue_comments_106105.json:
```json
{
    "body": "<a id='comment:6'></a>\nIt seems that this patch causes failures in a\nnon-reproducible way.  Is there some randomness in the algorithm?\nFor example, I just got this failure on sage.math.washington.edu (a\nmachine on which I remember the test succeeding):\n\n```\nsage -t -long  -force_lib devel/sage/sage/matrix/matrix_double_dense.pyx\n**********************************************************************\nFile\n\"/mnt/usb1/scratch/buildbot/sage/sage-1/sage_binary/build/sage-4.7.2.alpha2/devel/sage-main/sage/matrix/matrix_double_dense.pyx\",\nline 1766:\n    sage: Q\nExpected:\n    [ -0.359210604054   0.569326179705   0.368048420509   0.641385845805]\n    [  0.179605302027  -0.144590775798   0.925041158846  -0.301884576418]\n    [  0.179605302027  -0.704880032016  0.0774617736597   0.681825307224]\n    [  0.898026510134   0.397624633445 -0.0532812182975   0.180566192161]\nGot:\n    [-0.359210604054  0.569326179705  0.616028985113  0.409076682956]\n    [ 0.179605302027 -0.144590775798   0.69237507842 -0.683704756325]\n    [ 0.179605302027 -0.704880032016  0.374205463771  0.575201135981]\n    [ 0.898026510134  0.397624633445 0.0330954856071  0.185331397251]\n**********************************************************************\nFile\n\"/mnt/usb1/scratch/buildbot/sage/sage-1/sage_binary/build/sage-4.7.2.alpha2/devel/sage-main/sage/matrix/matrix_double_dense.pyx\",\nline 1771:\n    sage: R\nExpected:\n    [    -5.56776436283       2.6940795304      -2.6940795304]\n    [                 0     -3.56958477752      3.56958477752]\n    [                 0                  0 -9.93013661299e-16]\n    [                 0                  0                  0]\nGot:\n    [   -5.56776436283      2.6940795304     -2.6940795304]\n    [                0    -3.56958477752     3.56958477752]\n    [                0                 0 -4.4408920985e-16]\n    [                0                 0                 0]\n**********************************************************************\n```",
    "created_at": "2011-08-24T21:55:45Z",
    "issue": "https://github.com/sagemath/sage/issues/10795",
    "type": "issue_comment",
    "url": "https://github.com/sagemath/sage/issues/10795#issuecomment-106105",
    "user": "https://github.com/jdemeyer"
}
```

<a id='comment:6'></a>
It seems that this patch causes failures in a
non-reproducible way.  Is there some randomness in the algorithm?
For example, I just got this failure on sage.math.washington.edu (a
machine on which I remember the test succeeding):

```
sage -t -long  -force_lib devel/sage/sage/matrix/matrix_double_dense.pyx
**********************************************************************
File
"/mnt/usb1/scratch/buildbot/sage/sage-1/sage_binary/build/sage-4.7.2.alpha2/devel/sage-main/sage/matrix/matrix_double_dense.pyx",
line 1766:
    sage: Q
Expected:
    [ -0.359210604054   0.569326179705   0.368048420509   0.641385845805]
    [  0.179605302027  -0.144590775798   0.925041158846  -0.301884576418]
    [  0.179605302027  -0.704880032016  0.0774617736597   0.681825307224]
    [  0.898026510134   0.397624633445 -0.0532812182975   0.180566192161]
Got:
    [-0.359210604054  0.569326179705  0.616028985113  0.409076682956]
    [ 0.179605302027 -0.144590775798   0.69237507842 -0.683704756325]
    [ 0.179605302027 -0.704880032016  0.374205463771  0.575201135981]
    [ 0.898026510134  0.397624633445 0.0330954856071  0.185331397251]
**********************************************************************
File
"/mnt/usb1/scratch/buildbot/sage/sage-1/sage_binary/build/sage-4.7.2.alpha2/devel/sage-main/sage/matrix/matrix_double_dense.pyx",
line 1771:
    sage: R
Expected:
    [    -5.56776436283       2.6940795304      -2.6940795304]
    [                 0     -3.56958477752      3.56958477752]
    [                 0                  0 -9.93013661299e-16]
    [                 0                  0                  0]
Got:
    [   -5.56776436283      2.6940795304     -2.6940795304]
    [                0    -3.56958477752     3.56958477752]
    [                0                 0 -4.4408920985e-16]
    [                0                 0                 0]
**********************************************************************
```



---

archive/issue_events_083605.json:
```json
{
    "actor": "https://github.com/jdemeyer",
    "created_at": "2011-08-24T21:56:05Z",
    "event": "unlabeled",
    "issue": "https://github.com/sagemath/sage/issues/10795",
    "label": "needs review",
    "type": "issue_event",
    "url": "https://github.com/sagemath/sage/issues/10795#event-83605"
}
```



---

archive/issue_events_083606.json:
```json
{
    "actor": "https://github.com/jdemeyer",
    "created_at": "2011-08-24T21:56:05Z",
    "event": "labeled",
    "issue": "https://github.com/sagemath/sage/issues/10795",
    "label": "needs work",
    "type": "issue_event",
    "url": "https://github.com/sagemath/sage/issues/10795#event-83606"
}
```



---

archive/issue_comments_106106.json:
```json
{
    "body": "**Description changed:**\n``````diff\n--- \n+++ \n@@ -12,3 +12,7 @@\n ```\n \n Besides a bugfix this patch will upgrade the documentation to make it clear how this routine works over the complex numbers.  In particular, `SciPy` routines are using a Hermitian inner product - documentation upgrade will reflect that.\n+\n+**Apply**:\n+1.  [attachment:trac_10795-QR-decomposition-double-dense.patch](https://github.com/sagemath/sage/files/ticket10795/trac_10795-QR-decomposition-double-dense.patch)\n+2.  [attachment:trac_10795-QR-decomposition-numerical.patch](https://github.com/sagemath/sage/files/ticket10795/trac_10795-QR-decomposition-numerical.patch)\n``````\n",
    "created_at": "2011-09-19T03:23:36Z",
    "issue": "https://github.com/sagemath/sage/issues/10795",
    "type": "issue_comment",
    "url": "https://github.com/sagemath/sage/issues/10795#issuecomment-106106",
    "user": "https://github.com/rbeezer"
}
```

**Description changed:**
``````diff
--- 
+++ 
@@ -12,3 +12,7 @@
 ```
 
 Besides a bugfix this patch will upgrade the documentation to make it clear how this routine works over the complex numbers.  In particular, `SciPy` routines are using a Hermitian inner product - documentation upgrade will reflect that.
+
+**Apply**:
+1.  [attachment:trac_10795-QR-decomposition-double-dense.patch](https://github.com/sagemath/sage/files/ticket10795/trac_10795-QR-decomposition-double-dense.patch)
+2.  [attachment:trac_10795-QR-decomposition-numerical.patch](https://github.com/sagemath/sage/files/ticket10795/trac_10795-QR-decomposition-numerical.patch)
``````




---

archive/issue_events_083607.json:
```json
{
    "actor": "https://github.com/rbeezer",
    "created_at": "2011-09-19T03:23:36Z",
    "event": "unlabeled",
    "issue": "https://github.com/sagemath/sage/issues/10795",
    "label": "good first issue",
    "type": "issue_event",
    "url": "https://github.com/sagemath/sage/issues/10795#event-83607"
}
```



---

archive/issue_events_083608.json:
```json
{
    "actor": "https://github.com/rbeezer",
    "created_at": "2011-09-19T03:23:36Z",
    "event": "unlabeled",
    "issue": "https://github.com/sagemath/sage/issues/10795",
    "label": "needs work",
    "type": "issue_event",
    "url": "https://github.com/sagemath/sage/issues/10795#event-83608"
}
```



---

archive/issue_events_083609.json:
```json
{
    "actor": "https://github.com/rbeezer",
    "created_at": "2011-09-19T03:23:36Z",
    "event": "labeled",
    "issue": "https://github.com/sagemath/sage/issues/10795",
    "label": "needs review",
    "type": "issue_event",
    "url": "https://github.com/sagemath/sage/issues/10795#event-83609"
}
```



---

archive/issue_comments_106107.json:
```json
{
    "body": "<a id='comment:8'></a>\n\"numerical\" patch applies accumulated techniques for these numerical computations and should address the doctest failures.",
    "created_at": "2011-09-19T03:23:36Z",
    "issue": "https://github.com/sagemath/sage/issues/10795",
    "type": "issue_comment",
    "url": "https://github.com/sagemath/sage/issues/10795#issuecomment-106107",
    "user": "https://github.com/rbeezer"
}
```

<a id='comment:8'></a>
"numerical" patch applies accumulated techniques for these numerical computations and should address the doctest failures.



---

archive/issue_comments_106108.json:
```json
{
    "body": "<a id='comment:9'></a>\nSame question on here as on #10791 -- is it appropriate to set this back to positive review (assuming the tests still pass on Rob's machine)?",
    "created_at": "2011-12-04T00:15:28Z",
    "issue": "https://github.com/sagemath/sage/issues/10795",
    "type": "issue_comment",
    "url": "https://github.com/sagemath/sage/issues/10795#issuecomment-106108",
    "user": "https://github.com/jasongrout"
}
```

<a id='comment:9'></a>
Same question on here as on #10791 -- is it appropriate to set this back to positive review (assuming the tests still pass on Rob's machine)?



---

archive/issue_comments_106109.json:
```json
{
    "body": "<a id='comment:10'></a>\nApplies and passes all tests on 4.8.alpha3.",
    "created_at": "2011-12-05T05:45:35Z",
    "issue": "https://github.com/sagemath/sage/issues/10795",
    "type": "issue_comment",
    "url": "https://github.com/sagemath/sage/issues/10795#issuecomment-106109",
    "user": "https://github.com/rbeezer"
}
```

<a id='comment:10'></a>
Applies and passes all tests on 4.8.alpha3.



---

archive/issue_comments_106110.json:
```json
{
    "body": "<a id='comment:11'></a>\nBased on jdmeyer's response to my question on #10791: the fixing patch looks reasonable and Rob tested it.  I'd test it as well, except I'm currently building python 2.7 and testing it.",
    "created_at": "2011-12-14T04:09:44Z",
    "issue": "https://github.com/sagemath/sage/issues/10795",
    "type": "issue_comment",
    "url": "https://github.com/sagemath/sage/issues/10795#issuecomment-106110",
    "user": "https://github.com/jasongrout"
}
```

<a id='comment:11'></a>
Based on jdmeyer's response to my question on #10791: the fixing patch looks reasonable and Rob tested it.  I'd test it as well, except I'm currently building python 2.7 and testing it.



---

archive/issue_events_083610.json:
```json
{
    "actor": "https://github.com/jasongrout",
    "created_at": "2011-12-14T04:09:44Z",
    "event": "unlabeled",
    "issue": "https://github.com/sagemath/sage/issues/10795",
    "label": "needs review",
    "type": "issue_event",
    "url": "https://github.com/sagemath/sage/issues/10795#event-83610"
}
```



---

archive/issue_events_083611.json:
```json
{
    "actor": "https://github.com/jasongrout",
    "created_at": "2011-12-14T04:09:44Z",
    "event": "labeled",
    "issue": "https://github.com/sagemath/sage/issues/10795",
    "label": "positive review",
    "type": "issue_event",
    "url": "https://github.com/sagemath/sage/issues/10795#event-83611"
}
```



---

archive/issue_comments_106111.json:
```json
{
    "body": "<a id='comment:12'></a>\nSorry, I meant jdemeyer's response...",
    "created_at": "2011-12-14T04:20:40Z",
    "issue": "https://github.com/sagemath/sage/issues/10795",
    "type": "issue_comment",
    "url": "https://github.com/sagemath/sage/issues/10795#issuecomment-106111",
    "user": "https://github.com/jasongrout"
}
```

<a id='comment:12'></a>
Sorry, I meant jdemeyer's response...



---

archive/issue_comments_106112.json:
```json
{
    "body": "**Merged:** sage-4.8.alpha5",
    "created_at": "2011-12-17T09:11:59Z",
    "issue": "https://github.com/sagemath/sage/issues/10795",
    "type": "issue_comment",
    "url": "https://github.com/sagemath/sage/issues/10795#issuecomment-106112",
    "user": "https://github.com/jdemeyer"
}
```

**Merged:** sage-4.8.alpha5



---

archive/issue_events_083612.json:
```json
{
    "actor": "https://github.com/jdemeyer",
    "created_at": "2011-12-17T09:11:59Z",
    "event": "unlabeled",
    "issue": "https://github.com/sagemath/sage/issues/10795",
    "label": "positive review",
    "type": "issue_event",
    "url": "https://github.com/sagemath/sage/issues/10795#event-83612"
}
```



---

archive/issue_events_083613.json:
```json
{
    "actor": "https://github.com/jdemeyer",
    "created_at": "2011-12-17T09:11:59Z",
    "event": "closed",
    "issue": "https://github.com/sagemath/sage/issues/10795",
    "type": "issue_event",
    "url": "https://github.com/sagemath/sage/issues/10795#event-83613"
}
```



---

archive/issue_comments_106113.json:
```json
{
    "body": "<a id='comment:14'></a>\nThis sometimes gives a doctest failure:\n\n```\nsage -t -long  -force_lib devel/sage/sage/matrix/matrix_double_dense.pyx\n**********************************************************************\nFile \"/mnt/usb1/scratch/buildbot/sage/sage-1/sage_binary/build/sage-4.8.alpha5/devel/sage-main/sage/matrix/matrix_double_dense.pyx\", line 2243:\n    sage: Q.round(6).zero_at(10^-6)\nExpected:\n    [-0.359211  0.569326  0.368048  0.641386]\n    [ 0.179605 -0.144591  0.925041 -0.301885]\n    [ 0.179605  -0.70488  0.077462  0.681825]\n    [ 0.898027  0.397625 -0.053281  0.180566]\nGot:\n    [-0.359211  0.569326 -0.631992 -0.383955]\n    [ 0.179605 -0.144591   -0.6643  0.711014]\n    [ 0.179605  -0.70488  -0.39705 -0.559676]\n    [ 0.898027  0.397625 -0.040527 -0.183849]\n**********************************************************************\n```\n\nIt's not clear why it happens.  Because on the same machine I have one Sage build where it works, one where it doesn't with the exact same source, but different gcc version.\n\nDoes this code use any external libraries (ATLAS comes to mind)?",
    "created_at": "2011-12-19T21:30:46Z",
    "issue": "https://github.com/sagemath/sage/issues/10795",
    "type": "issue_comment",
    "url": "https://github.com/sagemath/sage/issues/10795#issuecomment-106113",
    "user": "https://github.com/jdemeyer"
}
```

<a id='comment:14'></a>
This sometimes gives a doctest failure:

```
sage -t -long  -force_lib devel/sage/sage/matrix/matrix_double_dense.pyx
**********************************************************************
File "/mnt/usb1/scratch/buildbot/sage/sage-1/sage_binary/build/sage-4.8.alpha5/devel/sage-main/sage/matrix/matrix_double_dense.pyx", line 2243:
    sage: Q.round(6).zero_at(10^-6)
Expected:
    [-0.359211  0.569326  0.368048  0.641386]
    [ 0.179605 -0.144591  0.925041 -0.301885]
    [ 0.179605  -0.70488  0.077462  0.681825]
    [ 0.898027  0.397625 -0.053281  0.180566]
Got:
    [-0.359211  0.569326 -0.631992 -0.383955]
    [ 0.179605 -0.144591   -0.6643  0.711014]
    [ 0.179605  -0.70488  -0.39705 -0.559676]
    [ 0.898027  0.397625 -0.040527 -0.183849]
**********************************************************************
```

It's not clear why it happens.  Because on the same machine I have one Sage build where it works, one where it doesn't with the exact same source, but different gcc version.

Does this code use any external libraries (ATLAS comes to mind)?



---

archive/issue_comments_106114.json:
```json
{
    "body": "**Changing merged** from \"sage-4.8.alpha5\" to \"\".",
    "created_at": "2011-12-19T21:30:46Z",
    "issue": "https://github.com/sagemath/sage/issues/10795",
    "type": "issue_comment",
    "url": "https://github.com/sagemath/sage/issues/10795#issuecomment-106114",
    "user": "https://github.com/jdemeyer"
}
```

**Changing merged** from "sage-4.8.alpha5" to "".



---

archive/issue_comments_106115.json:
```json
{
    "body": "<a id='comment:15'></a>\nOn Fedora 15-64 (flavius):\n\n```\nsage -t -long  -force_lib devel/sage/sage/matrix/matrix_double_dense.pyx\n**********************************************************************\nFile \"/home/buildbot/build/sage/flavius-1/flavius_full/build/sage-4.8.alpha5/devel/sage-main/sage/matrix/matrix_double_dense.pyx\", line 2243:\n    sage: Q.round(6).zero_at(10^-6)\nExpected:\n    [-0.359211  0.569326  0.368048  0.641386]\n    [ 0.179605 -0.144591  0.925041 -0.301885]\n    [ 0.179605  -0.70488  0.077462  0.681825]\n    [ 0.898027  0.397625 -0.053281  0.180566]\nGot:\n    [-0.359211  0.569326  0.616029  0.409077]\n    [ 0.179605 -0.144591  0.692375 -0.683705]\n    [ 0.179605  -0.70488  0.374205  0.575201]\n    [ 0.898027  0.397625  0.033095  0.185331]\n**********************************************************************\n```",
    "created_at": "2011-12-21T09:24:05Z",
    "issue": "https://github.com/sagemath/sage/issues/10795",
    "type": "issue_comment",
    "url": "https://github.com/sagemath/sage/issues/10795#issuecomment-106115",
    "user": "https://github.com/jdemeyer"
}
```

<a id='comment:15'></a>
On Fedora 15-64 (flavius):

```
sage -t -long  -force_lib devel/sage/sage/matrix/matrix_double_dense.pyx
**********************************************************************
File "/home/buildbot/build/sage/flavius-1/flavius_full/build/sage-4.8.alpha5/devel/sage-main/sage/matrix/matrix_double_dense.pyx", line 2243:
    sage: Q.round(6).zero_at(10^-6)
Expected:
    [-0.359211  0.569326  0.368048  0.641386]
    [ 0.179605 -0.144591  0.925041 -0.301885]
    [ 0.179605  -0.70488  0.077462  0.681825]
    [ 0.898027  0.397625 -0.053281  0.180566]
Got:
    [-0.359211  0.569326  0.616029  0.409077]
    [ 0.179605 -0.144591  0.692375 -0.683705]
    [ 0.179605  -0.70488  0.374205  0.575201]
    [ 0.898027  0.397625  0.033095  0.185331]
**********************************************************************
```



---

archive/issue_events_083614.json:
```json
{
    "actor": "https://github.com/jdemeyer",
    "created_at": "2011-12-21T09:24:05Z",
    "event": "labeled",
    "issue": "https://github.com/sagemath/sage/issues/10795",
    "label": "needs review",
    "type": "issue_event",
    "url": "https://github.com/sagemath/sage/issues/10795#event-83614"
}
```



---

archive/issue_events_083615.json:
```json
{
    "actor": "https://github.com/jdemeyer",
    "created_at": "2011-12-21T09:24:11Z",
    "event": "unlabeled",
    "issue": "https://github.com/sagemath/sage/issues/10795",
    "label": "needs review",
    "type": "issue_event",
    "url": "https://github.com/sagemath/sage/issues/10795#event-83615"
}
```



---

archive/issue_events_083616.json:
```json
{
    "actor": "https://github.com/jdemeyer",
    "created_at": "2011-12-21T09:24:11Z",
    "event": "labeled",
    "issue": "https://github.com/sagemath/sage/issues/10795",
    "label": "needs work",
    "type": "issue_event",
    "url": "https://github.com/sagemath/sage/issues/10795#event-83616"
}
```



---

archive/issue_comments_106116.json:
```json
{
    "body": "<a id='comment:17'></a>\nThanks, Jeroen.  Sorry for the delay in getting back to this one.\n\nYes, this uses SciPy, which in turn will use ATLAS.  It seems a 2-dimensional eigenspace is being returned with different basis vectors.\n\nThis is mostly a documentation patch, so I think it would be best to make the tests more functional - checking that returned matrices have the desired properties - and less about the actual entries of the matrices.  I'll put that on my list.\n\nRob",
    "created_at": "2011-12-21T19:27:23Z",
    "issue": "https://github.com/sagemath/sage/issues/10795",
    "type": "issue_comment",
    "url": "https://github.com/sagemath/sage/issues/10795#issuecomment-106116",
    "user": "https://github.com/rbeezer"
}
```

<a id='comment:17'></a>
Thanks, Jeroen.  Sorry for the delay in getting back to this one.

Yes, this uses SciPy, which in turn will use ATLAS.  It seems a 2-dimensional eigenspace is being returned with different basis vectors.

This is mostly a documentation patch, so I think it would be best to make the tests more functional - checking that returned matrices have the desired properties - and less about the actual entries of the matrices.  I'll put that on my list.

Rob



---

archive/issue_comments_106117.json:
```json
{
    "body": "<a id='comment:18'></a>\n*** bump ***",
    "created_at": "2012-01-24T09:15:26Z",
    "issue": "https://github.com/sagemath/sage/issues/10795",
    "type": "issue_comment",
    "url": "https://github.com/sagemath/sage/issues/10795#issuecomment-106117",
    "user": "https://github.com/jdemeyer"
}
```

<a id='comment:18'></a>
*** bump ***



---

archive/attachments_014135.json:
```json
{
    "asset_content_type": "application/octet-stream",
    "asset_name": "trac_10795-QR-decomposition-double-dense-v2.patch",
    "asset_url": "tarball://root/attachments/ticket10795/trac_10795-QR-decomposition-double-dense-v2.patch",
    "created_at": "2012-05-28T02:43:58Z",
